 0292 0799 0277 0224  0860 1086 0865 0769 
 0288 0762 0279 0182  0867 0086 0872 0735 
 0291 0723 0291 0140  0886 5088 0881 0708 
 0297 0689 0305 0105  0901 2090 0888 0685 
 0295 0666 0311 0080  0906 1090 0889 0666 
 0292 0646 0315 0057  0912 7091 0893 0649 
 0287 0627 0311 0032  0920 9092 0899 0631 
 0110 0695 0099 0008  0789 1078 0794 0707 
 0107 0744 0089 0049  0779 5077 0788 0752 
 0649 0468 0657 0047  1065 1106 1070 0483 
 0636 0464 0659 0043  1062 4106 1054 0493 
 0619 0453 0651 0029  1063 4106 1047 0489 
 0602 0431 0644 0000  1064 9106 1040 0476 
 0291 1256 0410 1037  0671 4067 0601 1349 
 0279 1246 0393 1025  0658 1065 0591 1335 
 0242 1171 0352 0941  0628 8062 0561 1247 
 0219 1169 0331 0937  0610 2061 0543 1244 
 0602 1268 0663 1014  0970 0097 0958 1357 
 0198 1174 0314 0939  0591 3059 0524 1249 
 0581 1273 0645 1017  0952 2095 0938 1361 
 0177 1177 0294 0940  0575 2057 0503 1249 
 0562 1271 0628 1014  0938 6093 0921 1357 
 0144 1147 0263 0904  0552 3055 0480 1212 
 0540 1232 0608 0971  0929 8092 0909 1309 
 0159 1127 0282 0886  0571 2057 0498 1189 
 0559 1211 0626 0952  0950 6095 0933 1290 
 0169 1118 0290 0881  0579 3057 0504 1184 
 0565 1206 0632 0949  0955 7095 0937 1288 
 0176 1110 0298 0876  0585 3058 0510 1178 
 0184 1102 0306 0871  0590 7059 0516 1169 
 0576 1192 0644 0939  0966 6096 0949 1270 
 0191 1091 0311 0859  0599 6059 0524 1157 
 0586 1177 0653 0926  0976 3097 0959 1256 
 0196 1076 0316 0845  0606 2060 0531 1141 
 0173 0998 0291 0758  0591 0059 0519 1055 
 0582 1074 0647 0819  0979 3097 0960 1138 
 0169 0986 0287 0745  0589 6058 0518 1043 
 0580 1062 0646 0806  0980 9098 0962 1124 
 0172 0972 0289 0730  0594 0059 0522 1028 
 0586 1046 0652 0788  0990 2099 0970 1109 
 0179 0948 0296 0706  0605 6060 0531 1005 
 0594 1025 0663 0766  1005 1100 0982 1090 
 0187 0923 0306 0678  0614 4061 0540 0983 
 0603 1004 0674 0743  1016 2101 0993 1071 
 0194 0901 0313 0658  0626 9062 0548 0968 
 0613 0989 0684 0729  1027 4102 1003 1064 
 0204 0893 0325 0651  0634 7063 0557 0963 
 0621 0984 0692 0728  1031 6103 1005 1063 
 0208 0891 0328 0653  0633 9063 0557 0962 
 0620 0983 0690 0729  1026 7102 1002 1062 
 0206 0893 0326 0656  0629 0062 0554 0963 
 0616 0985 0685 0731  1020 7102 0997 1062 
 0203 0899 0320 0662  0622 5062 0550 0968 
 0611 0989 0680 0735  1014 9101 0994 1064 
 0196 0910 0312 0671  0615 0061 0544 0976 
 0606 0997 0673 0741  1007 2100 0988 1069 
 0188 0926 0303 0684  0606 0060 0537 0989 
 0599 1009 0664 0751  0999 9099 0982 1079 
 0183 0942 0297 0699  0601 5060 0532 1006 
 0595 1024 0658 0764  0994 5099 0977 1097 
 0592 1047 0656 0785  0990 9099 0973 1122 
 0579 1219 0642 0947  0973 2097 0965 1299 
 0160 1153 0284 0897  0581 7058 0509 1213 
 0572 1234 0636 0958  0969 9096 0959 1309 
 0568 1235 0631 0959  0967 4096 0957 1306 
 0149 1159 0272 0898  0574 5057 0504 1212 
 0568 1232 0632 0954  0967 0096 0956 1299 
 0150 1152 0275 0892  0578 0057 0507 1205 
 0570 1224 0636 0949  0969 7096 0959 1294 
 0577 1219 0644 0947  0979 7097 0967 1293 
 0167 1132 0293 0878  0595 2059 0521 1193 
 0585 1215 0651 0942  0985 6098 0972 1291 
 0169 1128 0293 0875  0595 0059 0522 1191 
 0585 1212 0651 0940  0985 2098 0970 1287 
 0579 1210 0644 0938  0976 6097 0964 1281 
 0156 1130 0279 0873  0582 5058 0511 1187 
 0575 1207 0639 0934  0971 2097 0960 1276 
 0155 1128 0279 0872  0581 3058 0512 1185 
 0576 1205 0639 0932  0971 2097 0961 1275 
 0578 1201 0644 0930  0976 0097 0965 1274 
 0584 1198 0649 0927  0982 9098 0969 1271 
 0170 1111 0294 0858  0597 4059 0526 1173 
 0589 1194 0653 0925  0986 8098 0974 1270 
 0175 1108 0297 0855  0600 2060 0528 1171 
 0592 1192 0656 0923  0987 5098 0976 1267 
 0174 1107 0296 0854  0598 0059 0527 1169 
 0591 1189 0654 0921  0983 2098 0974 1263 
 0171 1107 0292 0854  0594 9059 0525 1167 
 0589 1187 0650 0919  0980 0098 0971 1260 
 0590 1186 0651 0918  0980 8098 0971 1258 
 0172 1104 0292 0853  0593 6059 0525 1164 
 0588 1184 0649 0916  0978 6097 0970 1255 
 0585 1183 0645 0916  0974 4097 0965 1253 
 0580 1183 0641 0915  0970 3097 0962 1252 
 0159 1105 0278 0852  0581 4058 0515 1163 
 0578 1182 0638 0913  0968 1096 0960 1251 
 0575 1182 0635 0912  0967 9096 0958 1249 
 0153 1104 0272 0849  0576 1057 0509 1160 
 0572 1179 0634 0910  0966 7096 0957 1248 
 0574 1177 0633 0908  0966 6096 0958 1246 
 0153 1098 0273 0844  0577 5057 0509 1156 
 0573 1175 0634 0905  0967 4096 0957 1244 
 0153 1096 0272 0842  0575 4057 0509 1153 
 0572 1173 0633 0904  0965 1096 0957 1242 
 0151 1095 0270 0840  0574 1057 0507 1151 
 0570 1171 0631 0902  0962 9096 0954 1240 
 0149 1093 0267 0839  0571 9057 0505 1150 
 0147 1092 0266 0838  0570 9057 0504 1148 
 0566 1168 0629 0900  0955 6095 0949 1235 
 0565 1168 0624 0901  0948 7094 0945 1235 
 0420 1675 0486 1417  0753 0075 0736 1756 
 0419 1703 0479 1438  0753 0075 0745 1775 
 0416 1735 0470 1461  0747 4074 0747 1797 
 0337 1832 0403 1526  0703 2070 0693 1890 
 0310 1859 0378 1543  0680 6068 0670 1912 
 0274 1877 0346 1553  0651 2065 0639 1927 
 0233 1686 0338 1347  0679 3067 0645 1768 
 0249 1689 0349 1352  0679 5067 0640 1777 
 0237 1767 0323 1425  0656 4065 0633 1829 
 0265 1523 0360 1191  0692 9069 0663 1596 
 0255 1531 0353 1198  0683 8068 0649 1604 
 0248 1541 0347 1209  0676 4067 0643 1612 
 0246 1549 0343 1214  0674 7067 0643 1614 
 0246 1546 0342 1210  0676 4067 0644 1604 
 0247 1522 0342 1185  0678 9067 0648 1579 
 0249 1507 0342 1170  0678 5067 0650 1563 
 0245 1487 0339 1151  0673 4067 0646 1541 
 0234 1471 0328 1136  0662 8066 0636 1521 
 0222 1459 0314 1125  0651 2065 0626 1505 
 0211 1447 0302 1113  0641 8064 0614 1489 
 0204 1437 0297 1105  0637 0063 0610 1480 
 0204 1431 0299 1099  0637 9063 0611 1478 
 0204 1429 0303 1097  0642 2064 0610 1482 
 0207 1429 0308 1098  0647 7064 0612 1487 
 0209 1428 0312 1099  0648 0064 0613 1489 
 0210 1428 0313 1097  0648 1064 0613 1489 
 0211 1426 0315 1097  0650 1065 0614 1489 
 0212 1423 0313 1094  0648 7064 0615 1486 
 0215 1420 0312 1092  0648 3064 0617 1481 
 0217 1417 0312 1089  0649 9064 0620 1478 
 0239 1413 0332 1085  0674 3067 0647 1475 
 0260 1412 0351 1085  0694 2069 0670 1474 
 0284 1413 0371 1086  0712 0071 0692 1473 
 0293 1414 0378 1087  0717 2071 0696 1475 
 0295 1415 0383 1088  0721 7072 0697 1479 
 0300 1416 0389 1091  0727 2072 0702 1485 
 0307 1418 0396 1092  0734 4073 0710 1486 
 0338 1419 0422 1094  0765 0076 0747 1483 
 0357 1418 0435 1093  0779 7077 0763 1479 
 0369 1414 0447 1089  0794 9079 0777 1471 
 0388 1400 0464 1077  0814 3081 0800 1457 
 0414 1384 0487 1061  0837 2083 0825 1436 
 0425 1364 0495 1042  0843 6084 0829 1417 
 0430 1356 0500 1035  0851 9085 0842 1411 
 0015 1291 0144 0991  0468 1046 0393 1331 
 0589 1240 0656 0937  1014 7101 0991 1306 
 0191 1144 0318 0870  0622 4062 0537 1204 
 0035 0581 0192 0339  0473 5047 0352 0754 
 0056 0710 0201 0496  0452 0045 0335 0857 
 0423 0916 0565 0738  0775 9077 0648 1064 
 0404 1011 0532 0841  0737 6073 0620 1144 
 0414 1043 0541 0872  0744 3074 0630 1170 
 0732 0578 1031 0586  1023 0497 0774 0485 
 0575 0665 0923 0665  0917 0556 0634 0544 
 0633 1518 0238 1496  0343 0034 0653 1246 
 0644 1507 0245 1497  0346 0034 0660 1237 
 0522 1464 0118 1493  0210 6021 0532 1200 
 0518 1456 0114 1486  0206 9020 0528 1190 
 0485 1408 0074 1429  0175 3017 0503 1144 
 0482 1401 0070 1418  0176 2017 0502 1137 
 0465 1399 0051 1414  0155 7015 0485 1135 
 0464 1395 0049 1408  0153 3015 0485 1131 
 0465 1391 0051 1400  0156 7015 0487 1128 
 0470 1390 0059 1388  0168 9016 0491 1128 
 0473 1393 0068 1387  0174 9017 0496 1130 
 0475 1394 0069 1389  0175 1017 0498 1132 
 1093 0931 0815 0930  0787 7078 1021 0808 
