 292 799 277 224  860 1086 865 769 
 ;288 762 279 182  867 86 872 735 
 ;291 723 291 140  886 5088 881 708 
 ;297 689 305 105  901 2090 888 685 
 ;295 666 311 80  906 1090 889 666 
 ;292 646 315 57  912 7091 893 649 
 ;287 627 311 32  920 9092 899 631 
 ;110 695 99 8  789 1078 794 707 
 ;107 744 89 49  779 5077 788 752 
 ;649 468 657 47  1065 1106 1070 483 
 ;636 464 659 43  1062 4106 1054 493 
 ;619 453 651 29  1063 4106 1047 489 
 ;602 431 644 0  1064 9106 1040 476 
 ;291 1256 410 1037  671 4067 601 1349 
 ;279 1246 393 1025  658 1065 591 1335 
 ;242 1171 352 941  628 8062 561 1247 
 ;219 1169 331 937  610 2061 543 1244 
 ;602 1268 663 1014  970 97 958 1357 
 ;198 1174 314 939  591 3059 524 1249 
 ;581 1273 645 1017  952 2095 938 1361 
 ;177 1177 294 940  575 2057 503 1249 
 ;562 1271 628 1014  938 6093 921 1357 
 ;144 1147 263 904  552 3055 480 1212 
 ;540 1232 608 971  929 8092 909 1309 
 ;159 1127 282 886  571 2057 498 1189 
 ;559 1211 626 952  950 6095 933 1290 
 ;169 1118 290 881  579 3057 504 1184 
 ;565 1206 632 949  955 7095 937 1288 
 ;176 1110 298 876  585 3058 510 1178 
 ;184 1102 306 871  590 7059 516 1169 
 ;576 1192 644 939  966 6096 949 1270 
 ;191 1091 311 859  599 6059 524 1157 
 ;586 1177 653 926  976 3097 959 1256 
 ;196 1076 316 845  606 2060 531 1141 
 ;173 998 291 758  591 59 519 1055 
 ;582 1074 647 819  979 3097 960 1138 
 ;169 986 287 745  589 6058 518 1043 
 ;580 1062 646 806  980 9098 962 1124 
 ;172 972 289 730  594 59 522 1028 
 ;586 1046 652 788  990 2099 970 1109 
 ;179 948 296 706  605 6060 531 1005 
 ;594 1025 663 766  1005 1100 982 1090 
 ;187 923 306 678  614 4061 540 983 
 ;603 1004 674 743  1016 2101 993 1071 
 ;194 901 313 658  626 9062 548 968 
 ;613 989 684 729  1027 4102 1003 1064 
 ;204 893 325 651  634 7063 557 963 
 ;621 984 692 728  1031 6103 1005 1063 
 ;208 891 328 653  633 9063 557 962 
 ;620 983 690 729  1026 7102 1002 1062 
 ;206 893 326 656  629 62 554 963 
 ;616 985 685 731  1020 7102 997 1062 
 ;203 899 320 662  622 5062 550 968 
 ;611 989 680 735  1014 9101 994 1064 
 ;196 910 312 671  615 61 544 976 
 ;606 997 673 741  1007 2100 988 1069 
 ;188 926 303 684  606 60 537 989 
 ;599 1009 664 751  999 9099 982 1079 
 ;183 942 297 699  601 5060 532 1006 
 ;595 1024 658 764  994 5099 977 1097 
 ;592 1047 656 785  990 9099 973 1122 
 ;579 1219 642 947  973 2097 965 1299 
 ;160 1153 284 897  581 7058 509 1213 
 ;572 1234 636 958  969 9096 959 1309 
 ;568 1235 631 959  967 4096 957 1306 
 ;149 1159 272 898  574 5057 504 1212 
 ;568 1232 632 954  967 96 956 1299 
 ;150 1152 275 892  578 57 507 1205 
 ;570 1224 636 949  969 7096 959 1294 
 ;577 1219 644 947  979 7097 967 1293 
 ;167 1132 293 878  595 2059 521 1193 
 ;585 1215 651 942  985 6098 972 1291 
 ;169 1128 293 875  595 59 522 1191 
 ;585 1212 651 940  985 2098 970 1287 
 ;579 1210 644 938  976 6097 964 1281 
 ;156 1130 279 873  582 5058 511 1187 
 ;575 1207 639 934  971 2097 960 1276 
 ;155 1128 279 872  581 3058 512 1185 
 ;576 1205 639 932  971 2097 961 1275 
 ;578 1201 644 930  976 97 965 1274 
 ;584 1198 649 927  982 9098 969 1271 
 ;170 1111 294 858  597 4059 526 1173 
 ;589 1194 653 925  986 8098 974 1270 
 ;175 1108 297 855  600 2060 528 1171 
 ;592 1192 656 923  987 5098 976 1267 
 ;174 1107 296 854  598 59 527 1169 
 ;591 1189 654 921  983 2098 974 1263 
 ;171 1107 292 854  594 9059 525 1167 
 ;589 1187 650 919  980 98 971 1260 
 ;590 1186 651 918  980 8098 971 1258 
 ;172 1104 292 853  593 6059 525 1164 
 ;588 1184 649 916  978 6097 970 1255 
 ;585 1183 645 916  974 4097 965 1253 
 ;580 1183 641 915  970 3097 962 1252 
 ;159 1105 278 852  581 4058 515 1163 
 ;578 1182 638 913  968 1096 960 1251 
 ;575 1182 635 912  967 9096 958 1249 
 ;153 1104 272 849  576 1057 509 1160 
 ;572 1179 634 910  966 7096 957 1248 
 ;574 1177 633 908  966 6096 958 1246 
 ;153 1098 273 844  577 5057 509 1156 
 ;573 1175 634 905  967 4096 957 1244 
 ;153 1096 272 842  575 4057 509 1153 
 ;572 1173 633 904  965 1096 957 1242 
 ;151 1095 270 840  574 1057 507 1151 
 ;570 1171 631 902  962 9096 954 1240 
 ;149 1093 267 839  571 9057 505 1150 
 ;147 1092 266 838  570 9057 504 1148 
 ;566 1168 629 900  955 6095 949 1235 
 ;565 1168 624 901  948 7094 945 1235 
 ;420 1675 486 1417  753 75 736 1756 
 ;419 1703 479 1438  753 75 745 1775 
 ;416 1735 470 1461  747 4074 747 1797 
 ;337 1832 403 1526  703 2070 693 1890 
 ;310 1859 378 1543  680 6068 670 1912 
 ;274 1877 346 1553  651 2065 639 1927 
 ;233 1686 338 1347  679 3067 645 1768 
 ;249 1689 349 1352  679 5067 640 1777 
 ;237 1767 323 1425  656 4065 633 1829 
 ;265 1523 360 1191  692 9069 663 1596 
 ;255 1531 353 1198  683 8068 649 1604 
 ;248 1541 347 1209  676 4067 643 1612 
 ;246 1549 343 1214  674 7067 643 1614 
 ;246 1546 342 1210  676 4067 644 1604 
 ;247 1522 342 1185  678 9067 648 1579 
 ;249 1507 342 1170  678 5067 650 1563 
 ;245 1487 339 1151  673 4067 646 1541 
 ;234 1471 328 1136  662 8066 636 1521 
 ;222 1459 314 1125  651 2065 626 1505 
 ;211 1447 302 1113  641 8064 614 1489 
 ;204 1437 297 1105  637 63 610 1480 
 ;204 1431 299 1099  637 9063 611 1478 
 ;204 1429 303 1097  642 2064 610 1482 
 ;207 1429 308 1098  647 7064 612 1487 
 ;209 1428 312 1099  648 64 613 1489 
 ;210 1428 313 1097  648 1064 613 1489 
 ;211 1426 315 1097  650 1065 614 1489 
 ;212 1423 313 1094  648 7064 615 1486 
 ;215 1420 312 1092  648 3064 617 1481 
 ;217 1417 312 1089  649 9064 620 1478 
 ;239 1413 332 1085  674 3067 647 1475 
 ;260 1412 351 1085  694 2069 670 1474 
 ;284 1413 371 1086  712 71 692 1473 
 ;293 1414 378 1087  717 2071 696 1475 
 ;295 1415 383 1088  721 7072 697 1479 
 ;300 1416 389 1091  727 2072 702 1485 
 ;307 1418 396 1092  734 4073 710 1486 
 ;338 1419 422 1094  765 76 747 1483 
 ;357 1418 435 1093  779 7077 763 1479 
 ;369 1414 447 1089  794 9079 777 1471 
 ;388 1400 464 1077  814 3081 800 1457 
 ;414 1384 487 1061  837 2083 825 1436 
 ;425 1364 495 1042  843 6084 829 1417 
 ;430 1356 500 1035  851 9085 842 1411 
 ;15 1291 144 991  468 1046 393 1331 
 ;589 1240 656 937  1014 7101 991 1306 
 ;191 1144 318 870  622 4062 537 1204 
 ;35 581 192 339  473 5047 352 754 
 ;56 710 201 496  452 45 335 857 
 ;423 916 565 738  775 9077 648 1064 
 ;404 1011 532 841  737 6073 620 1144 
 ;414 1043 541 872  744 3074 630 1170 
 ;732 578 1031 586  1023 497 774 485 
 ;575 665 923 665  917 556 634 544 
 ;633 1518 238 1496  343 34 653 1246 
 ;644 1507 245 1497  346 34 660 1237 
 ;522 1464 118 1493  210 6021 532 1200 
 ;518 1456 114 1486  206 9020 528 1190 
 ;485 1408 74 1429  175 3017 503 1144 
 ;482 1401 70 1418  176 2017 502 1137 
 ;465 1399 51 1414  155 7015 485 1135 
 ;464 1395 49 1408  153 3015 485 1131 
 ;465 1391 51 1400  156 7015 487 1128 
 ;470 1390 59 1388  168 9016 491 1128 
 ;473 1393 68 1387  174 9017 496 1130 
 ;475 1394 69 1389  175 1017 498 1132 
 ;1093 931 815 930  787 7078 1021 808 
